%YAML:1.0
vmin: 16
vmax: 3
mdip: 39
bsiz: 3
sp1: 655
sp2: 30
pfc: 0
alpha: 0
beta: 300
rangeDispLow: 55
rangeDispHigh: 255
