%YAML:1.0
---
R: !!opencv-matrix
   rows: 3
   cols: 3
   dt: d
   data: [ 9.9957046024888496e-01, 2.0380748528906999e-03,
       -2.9235958146199496e-02, -1.8964160626666292e-03,
       9.9998633219576116e-01, 4.8722713169581204e-03,
       2.9245488608494373e-02, -4.8147349421133624e-03,
       9.9956066335339921e-01 ]
T: !!opencv-matrix
   rows: 3
   cols: 1
   dt: d
   data: [ -4.5235622582680044e+00, -3.4085775030998716e-02,
       -1.4634896948708601e-01 ]
R1: !!opencv-matrix
   rows: 3
   cols: 3
   dt: d
   data: [ 9.9995078263373327e-01, 9.4121732463742294e-03,
       3.1374041761769826e-03, -9.4199640903144272e-03,
       9.9995256137832789e-01, 2.4777549230405294e-03,
       -3.1139342834495230e-03, -2.5071872091453531e-03,
       9.9999200868085769e-01 ]
R2: !!opencv-matrix
   rows: 3
   cols: 3
   dt: d
   data: [ 9.9944872171985555e-01, 7.5310081609476073e-03,
       3.2334757902703883e-02, -7.4503792110814900e-03,
       9.9996883068792342e-01, -2.6133316357177115e-03,
       -3.2353431072419746e-02, 2.3709847546744670e-03,
       9.9947367845738444e-01 ]
P1: !!opencv-matrix
   rows: 3
   cols: 4
   dt: d
   data: [ 3.7140526308364667e+02, 0., 1.5321348285675049e+02, 0., 0.,
       3.7140526308364667e+02, 1.1781908702850342e+02, 0., 0., 0., 1.,
       0. ]
P2: !!opencv-matrix
   rows: 3
   cols: 4
   dt: d
   data: [ 3.7140526308364667e+02, 0., 1.5321348285675049e+02,
       -1.6810015302397933e+03, 0., 3.7140526308364667e+02,
       1.1781908702850342e+02, 0., 0., 0., 1., 0. ]
Q: !!opencv-matrix
   rows: 4
   cols: 4
   dt: d
   data: [ 1., 0., 0., -1.5321348285675049e+02, 0., 1., 0.,
       -1.1781908702850342e+02, 0., 0., 0., 3.7140526308364667e+02, 0.,
       0., 2.2094284651285598e-01, 0. ]
