%YAML:1.0
---
M1: !!opencv-matrix
   rows: 3
   cols: 3
   dt: d
   data: [ 4.0591942828931224e+02, 0., 1.6368776332526386e+02, 0.,
       4.0897883219783722e+02, 1.1922067440286962e+02, 0., 0., 1. ]
D1: !!opencv-matrix
   rows: 1
   cols: 14
   dt: d
   data: [ -1.5156672775362848e-01, 9.7593408431479256e-01, 0., 0., 0.,
       0., 0., 3.0171100665726547e+00, 0., 0., 0., 0., 0., 0. ]
M2: !!opencv-matrix
   rows: 3
   cols: 3
   dt: d
   data: [ 4.0591942828931224e+02, 0., 1.4988237067344951e+02, 0.,
       4.0897883219783722e+02, 1.1184690851717161e+02, 0., 0., 1. ]
D2: !!opencv-matrix
   rows: 1
   cols: 14
   dt: d
   data: [ 3.7043767133961548e-02, -2.6808731578438278e+00, 0., 0., 0.,
       0., 0., -1.8781989563222542e+01, 0., 0., 0., 0., 0., 0. ]
