%YAML:1.0
gray: 15
ptX1: 80
ptX2: 80
ptY1: 145
ptY2: 145
theta1: 56
theta2: 19
rho1: 0
rho2: 0
max_lenght1: 24
max_lenght2: 27
